644.0 697.0
340.0 306.0
339.0 298.0
336.0 289.0
334.0 277.0
331.0 268.0
328.0 261.0
324.0 250.0
322.0 241.0
316.0 235.0
309.0 228.0
302.0 221.0
295.0 217.0
289.0 209.0
282.0 204.0
276.0 197.0
270.0 190.0
262.0 182.0
256.0 177.0
247.0 171.0
239.0 166.0
233.0 159.0
226.0 153.0
221.0 147.0
215.0 145.0
211.0 140.0
205.0 136.0
198.0 132.0
191.0 127.0
184.0 121.0
178.0 117.0
172.0 111.0
165.0 104.0
158.0 99.0
127.0 141.0
134.0 145.0
141.0 150.0
148.0 154.0
153.0 157.0
157.0 163.0
162.0 168.0
171.0 173.0
177.0 180.0
184.0 186.0
193.0 192.0
199.0 197.0
205.0 204.0
212.0 209.0
219.0 215.0
227.0 220.0
235.0 227.0
244.0 233.0
249.0 241.0
257.0 246.0
263.0 254.0
271.0 261.0
275.0 267.0
281.0 279.0
283.0 289.0
286.0 300.0
261.0 305.0
259.0 293.0
255.0 284.0
251.0 277.0
243.0 270.0
235.0 267.0
229.0 260.0
222.0 254.0
215.0 246.0
207.0 240.0
200.0 234.0
193.0 229.0
187.0 223.0
182.0 218.0
172.0 210.0
165.0 203.0
158.0 197.0
151.0 194.0
144.0 187.0
137.0 182.0
130.0 175.0
123.0 171.0
116.0 165.0
109.0 158.0
103.0 154.0
65.0 191.0
70.0 196.0
77.0 203.0
85.0 209.0
92.0 213.0
100.0 219.0
105.0 224.0
113.0 231.0
119.0 241.0
125.0 245.0
131.0 250.0
137.0 255.0
